D = propeller diameter [m],AEdAO = expanded area ratio,PdD = pitch ratio,Z = propeller's number of blades,P_B = power brake,n = Propeller angular speed [rpm],fitness,t075dD,tmin075dD,tal07R,cavLim,Vtip,Vtipmax,penalty,valid
0.5006187815929053,0.517726520634911,0.823159164377008,3,130.59259798827185,0,-373.9299227912312,0.01475,0.013764197080757101,0.3210816648874246,0.11523613630954391,42.00450001869492,39.0,1.8633316784525011,False
0.5346096136172556,0.31798953422766296,1.1750644156724583,3,138.38461856227016,0,-654.3391495930383,0.01475,0.013097330893462746,0.7415483082150776,0.15682827451431472,34.54345396603348,39.0,3.728409532729965,False
0.6022044369367971,0.3103848803199684,1.0624649556565842,3,116.48352927179224,0,-446.1766119663623,0.01475,0.012340141973745182,0.6564606885877717,0.17138248797464872,32.355617316078025,39.0,2.8303837010749713,False
0.5178258520199891,0.36033901147158703,0.9624759983013367,3,130.01610166558993,0,-515.3514996343881,0.01475,0.013419086276608446,0.5301891921961207,0.13375944760706407,38.53288707198753,39.0,2.963751358734832,False
0.5208251185827288,0.49064680542262773,0.7958488380170616,3,124.0937129074161,0,-342.95495665532013,0.01475,0.013418623471007557,0.3180781986427034,0.11780778553725364,41.48434248802699,39.0,1.7636771325489482,False
fitness at iteration,0,,,,,-342.95495665532013
0.5093603430722351,0.5926953722458761,0.6656814673267982,3,124.00800304768909,0,-300.26889158122145,0.01475,0.013456377259449486,0.209865856624577,0.09446806950712952,46.79273386442887,39.0,1.42136704246216,False
0.5032606848835266,0.45857231379697855,0.5838583263894868,3,120.56476485119939,0,-399.16460013275065,0.01475,0.013265337707174838,0.22413036371876982,0.07502729027753413,51.61540800557347,39.0,2.310789853282576,False
0.5277986278761679,0.523154504312534,0.9305309330040707,3,129.87718607732276,0,-343.8502152971966,0.01475,0.013503547283065315,0.37253246962052466,0.1407108872534242,37.24274721737932,39.0,1.6475028115598715,False
0.6417322708294754,0.42369583442295644,0.5044438734792981,3,97.4952906616259,0,-198.40400579013468,0.01475,0.011621179299981675,0.18598032314185667,0.09954396936003133,45.50082476146343,39.0,1.035011172782999,False
0.5369311066267919,0.6920373140456316,0.6881400716173731,3,120.60149581754607,0,-222.9933966045318,0.01475,0.013207016820792356,0.18778195623512642,0.10828995327950167,43.48281318271446,39.0,0.8490102058260617,False
fitness at iteration,1,,,,,-198.40400579013468
0.5373961722942215,0.31366670973538474,0.6510857380363084,3,110.99938473992124,0,-437.03150918219706,0.01475,0.012791508177139779,0.36399073720203823,0.09696520921180644,46.15316247918721,39.0,2.937242627120774,False
0.6402678432607479,0.535409171069436,0.6886197896198103,3,100.6938855172724,0,-164.10336680175385,0.01475,0.011973185641825056,0.22654737039204734,0.13900954881720393,37.5449122669939,39.0,0.6297252406016706,False
0.542310530661752,0.43855935420563946,0.5229673055690459,3,112.43151042347765,0,-333.2630608903835,0.01475,0.012657495556748239,0.19849030508810506,0.07514226033325296,51.58202153974457,39.0,1.964142878052027,False
0.6330729433656994,0.3162195328763719,0.5020954725828576,3,96.63328967485923,0,-265.68629758924146,0.01475,0.011640807294637663,0.24990291961075278,0.09730276699212961,46.06391274165451,39.0,1.7494282610391578,False
0.7452351001193718,0.6048271417188572,0.6839557840607997,3,89.5817434880107,0,-101.52061165650328,0.01475,0.011141553515937003,0.18860599252605956,0.16642584561978274,33.05706423603831,39.0,0.13327345175069552,False
fitness at iteration,2,,,,,-101.52061165650328
0.7887940657897914,0.5003609566909002,0.8202321973298082,3,86.76273819052811,0,-123.54216052842794,0.01475,0.01091013305029868,0.28610258222430185,0.20092771027303816,28.254441110965576,39.0,0.42390804053617404,False
0.7408942991297679,0.9067581730605843,0.9555658663063584,3,96.82472674527857,0,-96.82472674527857,0.01475,0.011503482462763162,0.22026815592052515,0.22150885798273362,25.936265309692814,39.0,0,True
0.690329518094197,0.7559360195941445,0.7649811318499158,3,98.96667598367259,0,-108.41975506410503,0.01475,0.011755089117907725,0.18686240776943724,0.17056994227954497,32.464928179400054,39.0,0.09551779916294251,False
0.6470444315525103,0.5832046646485318,0.5366892485173068,3,100.22603352255787,0,-147.67046161007832,0.01475,0.011718838334618854,0.14488986744620946,0.10715417306720675,43.727255357490385,39.0,0.4733742962784428,False
0.7566648832260645,0.8474224990262796,0.980443502373008,3,96.12702652527705,0,-101.39181774687731,0.01475,0.011385811821402301,0.2408009369558683,0.22829729822830028,25.177740195335335,39.0,0.05476910513003187,False
fitness at iteration,3,,,,,-96.82472674527857
0.7874769476698038,0.8936715915592568,1.1175722297789923,3,95.36830212108691,0,-102.71321610902372,0.01475,0.0111360989853017,0.2794516381937455,0.25946834564313115,22.190568976912335,39.0,0.07701630232035739,False
0.7987059559084028,1.0112571412032325,1.3765113235532338,3,94.70181503986288,0,-111.38917258252256,0.01475,0.010689379540492277,0.35935946691544157,0.3055233554539361,18.724534491018634,39.0,0.17620947957159486,False
0.718861936408019,1.0486086069797818,1.382547052521579,3,102.19904499655878,0,-133.3927287779142,0.01475,0.011231459093818865,0.3710190069305233,0.2842567846932684,20.249619623304064,39.0,0.30522480696767523,False
0.6215415524814281,1.0486784849170931,1.3969949194365532,3,116.2345271220432,0,-183.97588926226925,0.01475,0.012058660211580457,0.40029881952496105,0.2529056616145314,22.766069482408298,39.0,0.582798965311739,False
0.7972548391125198,1.0191558512893593,0.8235245483434445,3,89.39491097561726,0,-89.39491097561726,0.01475,0.011039988543746467,0.14896301539726003,0.21052429921468485,27.12780153921685,39.0,0,True
fitness at iteration,4,,,,,-89.39491097561726
0.7752677405746436,0.9921164827069427,0.5128371500356811,3,107.0100580006313,0,-112.60205953800195,0.01475,0.011104504743812228,0.06623196846208679,0.12004911644125414,41.038014594442785,39.0,0.05225678447289193,False
0.781698164505982,1.0296084710882079,0.562217689141399,3,101.24912575433233,0,-101.24912575433233,0.01475,0.011056442348704686,0.07469436485405674,0.13753434276350446,37.80984748517049,39.0,0,True
0.7980880510131062,1.049880932553509,0.6977249933463103,3,91.27417548965141,0,-91.27417548965141,0.01475,0.010974358772904943,0.10766672752851685,0.180446874458864,30.970167177013234,39.0,0,True
0.7998205601755428,0.9853223746559823,1.055524183283135,3,91.54356382356423,0,-91.54356382356423,0.01475,0.011056950280440498,0.23342067054692558,0.2550255262175443,22.568723214537027,39.0,0,True
0.7800378094102751,0.6969623871105352,0.9114555351616966,3,92.19479185274076,0,-105.20237483866482,0.01475,0.011152895402490818,0.25039641098523685,0.2194365386414525,26.161772163159526,39.0,0.14108804547984202,False
fitness at iteration,5,,,,,-89.39491097561726
0.7101342615686378,1.023279883507783,0.5014019984079945,3,117.5347302504077,0,-135.94217894778834,0.01475,0.011607869558537523,0.06358775132927147,0.10114875752267184,45.107901023538986,39.0,0.15661284675740988,False
0.7975529121375246,1.0067863526228773,1.0989760555405799,3,91.97268414172287,0,-91.97268414172287,0.01475,0.011048702833467634,0.2457241921814259,0.2624681251191405,21.940166559663435,39.0,0,True
0.7986881201017232,1.0313236023025323,0.8441855925590788,3,89.23081870499391,0,-89.23081870499391,0.01475,0.011039121835173986,0.1536027248165668,0.21556960198859482,26.56872078751921,39.0,0,True
0.7617881781938632,0.7682375009219614,0.9235233598882042,3,94.508418736044,0,-102.71903770084643,0.01475,0.011315586090711482,0.23740305950158774,0.2184267713054047,26.26836557761336,39.0,0.08687711713529093,False
0.7998484151016755,1.036258067657808,1.0339994774750214,3,90.39733841824355,0,-90.39733841824355,0.01475,0.011048806105290394,0.21622983765847112,0.25237678239423184,22.802644880548545,39.0,0,True
fitness at iteration,6,,,,,-89.23081870499391
0.7856986685919958,1.0193337126732958,1.0689326213802794,3,92.45397556688656,0,-92.45397556688656,0.01475,0.01114132469481303,0.2339556107129454,0.25446455370835047,22.618544841749706,39.0,0,True
0.7951619380001919,0.9455450166903512,0.5783910671790146,3,95.07119802993103,0,-95.07119802993103,0.01475,0.010899901902490792,0.0867176461434962,0.1477437088949554,36.031874904711245,39.0,0,True
0.7961785100907859,1.0488064246329305,0.9098737545955438,3,89.51701602685696,0,-89.51701602685696,0.01475,0.011074302524062446,0.17241085623545332,0.22864949505711973,25.137412898783506,39.0,0,True
0.7993516119551697,1.030307856990139,0.5098189769326101,3,108.42542220827696,0,-112.9331555161443,0.01475,0.011006993202872595,0.06105781550537021,0.12223539044892433,40.62140571303587,39.0,0.041574505462458194,False
0.7992758068643316,1.0389843216948043,0.5412748777790686,3,103.23939954948342,0,-103.23939954948342,0.01475,0.010971518222834481,0.06779737709549606,0.13377480567787828,38.519981893782486,39.0,0,True
fitness at iteration,7,,,,,-89.23081870499391
0.7997772943159434,1.0484902610078108,1.146555103778077,3,91.4130146406128,0,-91.4130146406128,0.01475,0.010986186702561067,0.2552151457327738,0.2723502435898263,21.154374469912213,39.0,0,True
0.7995354250476463,1.0485807202467827,0.6988997228808762,3,91.10225223259982,0,-91.10225223259982,0.01475,0.01096508144465656,0.10803479294311819,0.18105905821531665,30.882038819314516,39.0,0,True
0.7997312059174986,1.0475202958181689,1.1891332672739234,3,91.90289251738386,0,-91.90289251738386,0.01475,0.010948849516038936,0.2717773302874163,0.27946487945924936,20.619202044619602,39.0,0,True
0.7874115315957585,1.000627320112955,0.8296116218991948,3,90.29812167624004,0,-90.29812167624004,0.01475,0.011110391288613632,0.15452818994605777,0.20944042613768282,27.25106856938276,39.0,0,True
0.7999061914580851,1.049806578300926,0.9742044912646756,3,89.59343100946846,0,-89.59343100946846,0.01475,0.01105338236468228,0.1932286675328876,0.24173519500212853,23.794254952763445,39.0,0,True
fitness at iteration,8,,,,,-89.23081870499391
0.7984017948502166,1.0233029005987593,0.7547401982701271,3,89.74840291439884,0,-89.74840291439884,0.01475,0.010996276349492283,0.12728538633294914,0.19488125269309944,29.019936662763154,39.0,0,True
0.7999988963410184,1.0499096260354017,0.938782955524791,3,89.32388794314723,0,-89.32388794314723,0.01475,0.011051831609474535,0.1813219728789341,0.23509505552985557,24.45771281417161,39.0,0,True
0.7925456798532526,1.034417465092192,0.9931493182360138,3,90.66368406647335,0,-90.66368406647335,0.01475,0.011107077710715734,0.20319947904608043,0.24314254569623833,23.656807516956135,39.0,0,True
0.7993580201602578,1.0460346000292318,0.926287137912125,3,89.3499971038701,0,-89.3499971038701,0.01475,0.011055649811894368,0.1778540682235643,0.23250882290191002,24.725877331527393,39.0,0,True
0.7999552615389354,0.9908337976956287,0.9697791655625203,3,90.30001094158804,0,-90.30001094158804,0.01475,0.011065218209058683,0.20160859547823642,0.23998990368171022,23.965977427246873,39.0,0,True
fitness at iteration,9,,,,,-89.23081870499391
0.79976093193299,1.049840203405688,0.840212742605937,3,89.07785475139035,0,-89.07785475139035,0.01475,0.011029483356826348,0.1496741812494846,0.21502841509405515,26.627075106775553,39.0,0,True
0.7978129900973866,1.049936060304309,0.9163487123088877,3,89.38814881293294,0,-89.38814881293294,0.01475,0.011063934613796898,0.1741789583464391,0.2302871806875553,24.960864459515182,39.0,0,True
0.7980895423763245,1.0325049426771433,0.9903599431041509,3,90.15060032145034,0,-90.15060032145034,0.01475,0.011069246693663522,0.2018373809290297,0.24396314097274152,23.577155313807168,39.0,0,True
0.7976925933027669,1.0334361912830086,1.060463214625043,3,90.94887137194958,0,-90.94887137194958,0.01475,0.011056178379696363,0.22650451850370956,0.2564641963678236,22.444672135627265,39.0,0,True
0.7999973171146804,1.0499999170792433,0.980515210215386,3,89.63886667565774,0,-89.63886667565774,0.01475,0.011052464164533878,0.1953252347027577,0.24291296372341106,23.678707507065294,39.0,0,True
fitness at iteration,10,,,,,-89.07785475139035
0.7955767123673918,1.0364646808492417,0.7622505351429425,3,89.96429313228529,0,-89.96429313228529,0.01475,0.011021089938091463,0.1280889678567838,0.1959887081455745,28.875222704965203,39.0,0,True
0.7998955968645433,1.044183431433664,0.8903245245054329,3,89.14256597700499,0,-89.14256597700499,0.01475,0.011045075975897219,0.16634388432880973,0.22562277171783002,25.466146598144302,39.0,0,True
0.7975157622967975,1.0311458580173678,0.9121156209345749,3,89.56755649217556,0,-89.56755649217556,0.01475,0.011068170970656504,0.17568087612483854,0.22920178336449717,25.077425964981703,39.0,0,True
0.7999979207855612,1.049195995531888,0.7888998830366621,3,89.3331967692035,0,-89.3331967692035,0.01475,0.01100577842069418,0.1340525052834982,0.20325062481818124,27.974467634985746,39.0,0,True
0.7973541551830678,1.0432394272680434,0.9327862160192433,3,89.59997480702341,0,-89.59997480702341,0.01475,0.01107077674709922,0.18066808879384957,0.23324430856296155,24.64886903646899,39.0,0,True
fitness at iteration,11,,,,,-89.07785475139035
0.7997068593702875,1.0498961537329583,0.8589819883604096,3,89.06792192891834,0,-89.06792192891834,0.01475,0.011036592415146035,0.15554658078927405,0.21928814384184156,26.17625930404264,39.0,0,True
0.7991865203080801,1.0495519311823942,0.8319095621325548,3,89.14873849841993,0,-89.14873849841993,0.01475,0.011030157978760984,0.14719259007210428,0.2130003657282485,26.849375489204338,39.0,0,True
0.799993138728007,1.0498770672084972,0.8985981099632364,3,89.12120752088245,0,-89.12120752088245,0.01475,0.01104566216859749,0.1681655392830551,0.22732779206753148,25.279655949052287,39.0,0,True
0.7944965561195529,1.0375068586211378,0.9225559587253508,3,89.84267014710011,0,-89.84267014710011,0.01475,0.01108990929078688,0.17850089830513707,0.23056944942166835,24.930996280670634,39.0,0,True
0.7996760491616248,1.0183929055052328,0.9298522467966113,3,89.62502710580812,0,-89.62502710580812,0.01475,0.01105856259080422,0.18333577774433485,0.2329226149852603,24.682384728501386,39.0,0,True
fitness at iteration,12,,,,,-89.06792192891834
0.7996398491131268,1.046398935091134,0.8313332815917113,3,89.11693830981515,0,-89.11693830981515,0.01475,0.011026907303352467,0.147400268583919,0.21296592643561832,26.853173687046116,39.0,0,True
0.7994046444005396,1.040659172266157,0.8375276825474611,3,89.14424005383029,0,-89.14424005383029,0.01475,0.011031273625676285,0.15013355157524286,0.21428628932249424,26.70780397641153,39.0,0,True
0.7988970815972833,1.0488043654822095,0.86626852238553,3,89.14658500834138,0,-89.14658500834138,0.01475,0.011044523912893416,0.15808822571157202,0.22070303226906832,26.027628053031677,39.0,0,True
0.7997394010612178,1.0499948161538857,0.8334446260474797,3,89.09569867859989,0,-89.09569867859989,0.01475,0.011027014689286541,0.1475539478061078,0.21348230985591607,26.796035985372377,39.0,0,True
0.799896180122676,1.0460878772849844,0.8759729263267484,3,89.09205993707026,0,-89.09205993707026,0.01475,0.011040983914934119,0.16145747709681532,0.2228098473048802,25.782768791549792,39.0,0,True
fitness at iteration,13,,,,,-89.06792192891834
0.7993996939948648,1.0495092064226896,0.8679013350669377,3,89.1011692405306,0,-89.1011692405306,0.01475,0.011041566689983994,0.1584529940577171,0.22113718758652887,25.976599196192996,39.0,0,True
0.7998401025066019,1.0499667404637671,0.8455426136317675,3,89.06117675440987,0,-89.06117675440987,0.01475,0.011030914666100363,0.15131076327855178,0.2162638967445536,26.494271635413455,39.0,0,True
0.7998697133744191,1.0462990861998032,0.8925563986498996,3,89.13387402890812,0,-89.13387402890812,0.01475,0.011045480827441593,0.16675883530715216,0.22607751979095192,25.416018618606845,39.0,0,True
0.7999439359685039,1.0486139726819532,0.8351903472985629,3,89.07262724566606,0,-89.07262724566606,0.01475,0.011026266844178104,0.14826724531883212,0.21392621845690746,26.747194415477235,39.0,0,True
0.7996666139558879,1.048684206681775,0.8753992797125826,3,89.09082600397004,0,-89.09082600397004,0.01475,0.011042025725176801,0.16092941076377407,0.2226678049415399,25.799075225725343,39.0,0,True
fitness at iteration,14,,,,,-89.06117675440987
0.7999146180320124,1.0298515583131178,0.8767050317498637,3,89.19613456768569,0,-89.19613456768569,0.01475,0.011042692880580988,0.1640563526490407,0.22283046612161994,25.78040504320835,39.0,0,True
0.7997584633142886,1.0499999176230992,0.8147037414839114,3,89.16983436449051,0,-89.16983436449051,0.01475,0.011019153170943492,0.14178488169266487,0.20920212653880907,27.277537111535036,39.0,0,True
0.7998657164742534,1.0499144530536877,0.8474977523606035,3,89.05569041656138,0,-89.05569041656138,0.01475,0.011031433020604572,0.1519272998517021,0.21671681873494328,26.446069117381473,39.0,0,True
0.79961502551714,1.0471156701397697,0.846273591569198,3,89.09499334490519,0,-89.09499334490519,0.01475,0.011032964318580266,0.1519514247533268,0.2163569147181474,26.48436317497508,39.0,0,True
0.7999431300606887,1.0471256941266658,0.8546597922282161,3,89.05849682900521,0,-89.05849682900521,0.01475,0.011033677901243169,0.15455172505317605,0.21835237026745094,26.27411388247133,39.0,0,True
fitness at iteration,15,,,,,-89.05569041656138
0.7999997428659146,1.0498542725230329,0.8712016643879293,3,89.05266639096911,0,-89.05266639096911,0.01475,0.011038502580288908,0.1593869283790574,0.2219188958358009,25.885466927607283,39.0,0,True
0.7998525484281507,1.0494660063374845,0.8376451062146882,3,89.07503390740185,0,-89.07503390740185,0.01475,0.011027866322543147,0.14891946494620845,0.2144648909926602,26.688291609457576,39.0,0,True
0.79999053021107,1.0483525817625596,0.8342123179335733,3,89.07331350840697,0,-89.07331350840697,0.01475,0.011025609385333611,0.14799349340649878,0.21371239158518868,26.770681019357664,39.0,0,True
0.7999981230381773,1.0499707797177524,0.8420597721023082,3,89.05544196267284,0,-89.05544196267284,0.01475,0.011028609865770058,0.15020605716357815,0.21550579438771308,26.57552015366148,39.0,0,True
0.7999999561930203,1.044665130937205,0.8457857807937615,3,89.0643970047503,0,-89.0643970047503,0.01475,0.011030154329374249,0.1521068829296724,0.21633151977510107,26.48705040201784,39.0,0,True
fitness at iteration,16,,,,,-89.05266639096911
0.7999678510802223,1.0494046612880632,0.870935164298255,3,89.0572375833926,0,-89.0572375833926,0.01475,0.011038671959186376,0.1593701690459291,0.2218567508997796,25.892676925388525,39.0,0,True
0.7999999403551082,1.0497945865251361,0.9036959497628372,3,89.14282397951312,0,-89.14282397951312,0.01475,0.011046748589407037,0.16982611813345627,0.2283359951506875,25.171238933865162,39.0,0,True
0.7999212458932237,1.048383802229453,0.8858389322712908,3,89.0949577496119,0,-89.0949577496119,0.01475,0.011043216147922544,0.1642845252179305,0.22477992082993825,25.559824331009022,39.0,0,True
0.7999636118152942,1.0498186582086717,0.8562457055213534,3,89.04417917518109,0,-89.04417917518109,0.01475,0.011033893651790116,0.15467177351696007,0.2187365124670496,26.23418017343014,39.0,0,True
0.7999969731857407,1.0448976176189473,0.8326022120868958,3,89.08433853902831,0,-89.08433853902831,0.01475,0.011025001631964288,0.14796598087791346,0.2133345259765782,26.81233724721641,39.0,0,True
fitness at iteration,17,,,,,-89.04417917518109
0.7999904408759922,1.0498403418463835,0.8427633868504285,3,89.05427148307695,0,-89.05427148307695,0.01475,0.011028907370507251,0.15044491348060932,0.21566458776975841,26.55844011417097,39.0,0,True
0.7998943367796938,1.0484605450408824,0.8369569687880958,3,89.07572318486666,0,-89.07572318486666,0.01475,0.011027352695453959,0.14883914048479246,0.2143138740070855,26.70476593448768,39.0,0,True
0.799998071295706,1.0498864652630087,0.8410332830065798,3,89.05166362126523,0,-89.05166362126523,0.01475,0.01102809950275674,0.1499036141000369,0.21527598507021783,26.600296271466608,39.0,0,True
0.799961296770573,1.049638044623866,0.8632417524868119,3,89.04312551822458,0,-89.04312551822458,0.01475,0.011036162955055,0.1569063517834557,0.22031210145384839,26.069688911596888,39.0,0,True
0.7999181857062544,1.049004611537596,0.8595814417454546,3,89.04934160230414,0,-89.04934160230414,0.01475,0.011035324652311296,0.155843757959877,0.2194728117625861,26.156936963702773,39.0,0,True
fitness at iteration,18,,,,,-89.04312551822458
0.7999978069831682,1.0499811636495235,0.8795355076656796,3,89.0618464785333,0,-89.0618464785333,0.01475,0.011040810749046457,0.1620275111347371,0.22356580898821177,25.696546414579874,39.0,0,True
0.7997031961962244,1.0482587219176611,0.8756609895628952,3,89.09260241849326,0,-89.09260241849326,0.01475,0.011041936649348686,0.16106819149662252,0.2227230433577222,25.792733113408516,39.0,0,True
0.7999997319421072,1.0496215629631465,0.8605141156567793,3,89.03751663357421,0,-89.03751663357421,0.01475,0.01103498913749356,0.15604475507764684,0.21970835899843094,26.132361098502216,39.0,0,True
0.7998267132067868,1.0492117381034072,0.8701349835178255,3,89.06345071089056,0,-89.06345071089056,0.01475,0.011039272808195659,0.15916443596654167,0.22167141471970137,25.91421672025071,39.0,0,True
0.7999932337743842,1.0498625172193692,0.8692425364672772,3,89.04564954911987,0,-89.04564954911987,0.01475,0.011037840516163102,0.1587697160109836,0.22153519966322005,25.93006664109616,39.0,0,True
fitness at iteration,19,,,,,-89.03751663357421
0.7999936267124871,1.0483376716836244,0.8553588794593789,3,89.04444762055697,0,-89.04444762055697,0.01475,0.011033403833510036,0.1546008549154358,0.21853543328051442,26.255067686477997,39.0,0,True
0.7998624972080984,1.0498281809725454,0.8461114182322758,3,89.05882145266048,0,-89.05882145266048,0.01475,0.0110309745905405,0.15150546272346319,0.21639853561276487,26.47991504473618,39.0,0,True
0.7999828796283384,1.0499494824916136,0.8622670193761502,3,89.042598514252,0,-89.042598514252,0.01475,0.011035750491775768,0.15654891621067268,0.2200972629041748,26.09193974711166,39.0,0,True
0.7999737254077486,1.0498952223633295,0.8566022491881458,3,89.03855801283365,0,-89.03855801283365,0.01475,0.011033845801592649,0.1547763887049813,0.21882311418992859,26.225059635772293,39.0,0,True
0.7999907626746062,1.049999473982889,0.8697057756663829,3,89.04685147535358,0,-89.04685147535358,0.01475,0.011038012556375218,0.15889621931262998,0.22162592552048252,25.91950091325799,39.0,0,True
fitness at iteration,20,,,,,-89.03751663357421
0.7999052833588536,1.0497036947296658,0.8529706497645613,3,89.0460896787885,0,-89.0460896787885,0.01475,0.01103306562425657,0.15366943034676647,0.21797702709758165,26.313288238117057,39.0,0,True
0.7999982236366311,1.0499912469066186,0.8559639895131147,3,89.04322362123764,0,-89.04322362123764,0.01475,0.011033611127892895,0.15455281993134337,0.21867966053080323,26.240092223383943,39.0,0,True
0.7999970855528219,1.0499667286648064,0.8739206059894198,3,89.05283067300948,0,-89.05283067300948,0.01475,0.011039242565351179,0.16023879803756053,0.22245734951499455,25.823254993192585,39.0,0,True
0.7999572554847214,1.0497638521576995,0.8597975880693539,3,89.04329927073975,0,-89.04329927073975,0.01475,0.011035094346698783,0.1558002167434929,0.2195351740034345,26.150422905089467,39.0,0,True
0.7999693721752549,1.0499515833370365,0.8518505726658692,3,89.04372145935328,0,-89.04372145935328,0.01475,0.01103230168927263,0.1532736643428968,0.21773551444751113,26.338580494633003,39.0,0,True
fitness at iteration,21,,,,,-89.03751663357421
0.7999718787852924,1.049988450204219,0.8508245103112877,3,89.04184891923393,0,-89.04184891923393,0.01475,0.011031872156283288,0.15294880791937746,0.21750373702941497,26.362923212899155,39.0,0,True
0.7999903962294005,1.0499882747707547,0.8555946649555993,3,89.03615837578609,0,-89.03615837578609,0.01475,0.01103336751934309,0.15444557346670973,0.2185996572716619,26.248396350728644,39.0,0,True
0.7999424387891507,1.0499507480865742,0.8537903056367673,3,89.0398723656261,0,-89.0398723656261,0.01475,0.011033048318063685,0.15389004637359163,0.21817618831688337,26.292479782530616,39.0,0,True
0.7999958538013607,1.0496560253870233,0.8629921709854459,3,89.04106840061476,0,-89.04106840061476,0.01475,0.01103587196078427,0.15682022545117022,0.22026360054886646,26.074705743731958,39.0,0,True
0.7999999455765705,1.0499493623078708,0.8600888217798701,3,89.03765991981875,0,-89.03765991981875,0.01475,0.011034862762313713,0.1558626749481382,0.21961329913256353,26.142269332856944,39.0,0,True
fitness at iteration,22,,,,,-89.03615837578609
0.7999995703041748,1.0499903549501786,0.8575399745104626,3,89.0422989783763,0,-89.0422989783763,0.01475,0.011034122243811303,0.15504913322562483,0.21903577335980082,26.202702402113975,39.0,0,True
0.7999475836312565,1.0499120591864568,0.8602352239717685,3,89.04575172546092,0,-89.04575172546092,0.01475,0.011035341721948458,0.155916144076753,0.21963044246849225,26.14048440245529,39.0,0,True
0.7999777042986528,1.049819777411121,0.8508420183137706,3,89.04775308484041,0,-89.04775308484041,0.01475,0.011031974425095426,0.15297161537435128,0.21750359210758327,26.362938149882822,39.0,0,True
0.7999889235434501,1.0498426901864542,0.8519903610059485,3,89.03819796902002,0,-89.03819796902002,0.01475,0.011032133493288519,0.1533347060081489,0.21777499780566303,26.33443919951032,39.0,0,True
0.7999878192916849,1.049888015430822,0.8599316069267076,3,89.03963050710554,0,-89.03963050710554,0.01475,0.011034912098897317,0.15582232714085284,0.21957400451555695,26.146368918131547,39.0,0,True
fitness at iteration,23,,,,,-89.03615837578609
0.7999546962649906,1.0498081377713313,0.8484328793544439,3,89.04465836533475,0,-89.04465836533475,0.01475,0.011031113880105789,0.15222822156236723,0.21695363261393388,26.420963859405106,39.0,0,True
0.7999984068359011,1.0499799410154615,0.8591216980704816,3,89.0421235192591,0,-89.0421235192591,0.01475,0.011034651547710697,0.1555491506360587,0.21939167217431266,26.165412605478586,39.0,0,True
0.7999796601787058,1.0494852873818437,0.8551146486901456,3,89.04504038032944,0,-89.04504038032944,0.01475,0.01103343274216504,0.1543606468526303,0.21847967058772888,26.26086499216079,39.0,0,True
0.7999644254639504,1.049984291570139,0.8422402515933951,3,89.05867413755891,0,-89.05867413755891,0.01475,0.01102891966214073,0.15026309862617823,0.2155383332966299,26.572019273224313,39.0,0,True
0.7999534575963678,1.0499216323225704,0.8565236934637828,3,89.04116426762013,0,-89.04116426762013,0.01475,0.01103397604105155,0.15474915338681103,0.21879992577083665,26.22750175929625,39.0,0,True
fitness at iteration,24,,,,,-89.03615837578609
0.7999799648950086,1.049893818643762,0.8611100667878308,3,89.04274602258951,0,-89.04274602258951,0.01475,0.011035399171222794,0.15619184625650978,0.21983564265451694,26.119112304531367,39.0,0,True
0.7999338647937461,1.0499338946650671,0.860246424675749,3,89.04554714414063,0,-89.04554714414063,0.01475,0.01103540873166593,0.1559192895689213,0.21963078391318067,26.140449523207646,39.0,0,True
0.7999517118711504,1.0497300081259435,0.8576897470228151,3,89.04205393451902,0,-89.04205393451902,0.01475,0.011034394501558836,0.15514314856279304,0.21906066935058008,26.200091352833876,39.0,0,True
0.7999638894422025,1.0499909937880498,0.8615238191981718,3,89.0465415078118,0,-89.0465415078118,0.01475,0.011035695328862286,0.15630765278787176,0.21992324687514728,26.110005207074682,39.0,0,True
0.7999714677407506,1.0499830170138242,0.8602322724564111,3,89.04128633522183,0,-89.04128633522183,0.01475,0.011035128671601311,0.1559048166945755,0.21963776847752847,26.13971930501527,39.0,0,True
fitness at iteration,25,,,,,-89.03615837578609
0.7999591039603544,1.049970067587172,0.8607718210886977,3,89.04156391062563,0,-89.04156391062563,0.01475,0.011035369251471123,0.15607904543409087,0.21975691085732163,26.127306826779336,39.0,0,True
0.7999728761225148,1.0498722840049979,0.8559933491034637,3,89.04480289673711,0,-89.04480289673711,0.01475,0.011033776439131898,0.154582384710532,0.21868029690252033,26.24002753374061,39.0,0,True
0.7999654179199527,1.049933262418584,0.8610551677283012,3,89.04356416777075,0,-89.04356416777075,0.01475,0.01103547177083164,0.15617069790045246,0.2198201531043224,26.12072443784099,39.0,0,True
0.799936231921929,1.0498594502886667,0.8534183008118139,3,89.04198587901301,0,-89.04198587901301,0.01475,0.011032989559382514,0.15378562734624546,0.2180882862699275,26.30165737163791,39.0,0,True
0.7999748411931482,1.0499797169376108,0.858716150278317,3,89.04081311737339,0,-89.04081311737339,0.01475,0.011034604313504845,0.1554271083059702,0.21929731295768293,26.175285386790748,39.0,0,True
fitness at iteration,26,,,,,-89.03615837578609
0.7999746343856009,1.0499962419658124,0.8557881319364051,3,89.03729523420715,0,-89.03729523420715,0.01475,0.011033536661119434,0.1545070201833271,0.21864014982681632,26.244193406459853,39.0,0,True
0.7999396362050619,1.0499807356830646,0.8603017655931586,3,89.04296070233272,0,-89.04296070233272,0.01475,0.011035343484304677,0.15593141428396814,0.21964648150051755,26.138812611478823,39.0,0,True
0.7999898961355362,1.0499887290955956,0.8584319073102578,3,89.0436844165923,0,-89.0436844165923,0.01475,0.011034498773672234,0.15533060813717198,0.21923366139489978,26.181949749030824,39.0,0,True
0.7999715212413286,1.049987075926514,0.8612975080513955,3,89.04417447061408,0,-89.04417447061408,0.01475,0.011035534209189575,0.15623764122758307,0.21987548758254008,26.114969043884866,39.0,0,True
0.7999503033207905,1.0499565341725967,0.8618764900770982,3,89.04334190060275,0,-89.04334190060275,0.01475,0.011035803220544545,0.1564298568527037,0.22000288602580512,26.101734121759932,39.0,0,True
fitness at iteration,27,,,,,-89.03615837578609
0.7999573463463657,1.0499995319410966,0.8565222161990328,3,89.04194851965717,0,-89.04194851965717,0.01475,0.011033975702026329,0.15473594468383134,0.21879982961326008,26.227511679095084,39.0,0,True
0.7999660778548673,1.049985797455991,0.8549777094567307,3,89.04418547348655,0,-89.04418547348655,0.01475,0.011033446596096574,0.15424893613563725,0.21844795157846122,26.264164586281353,39.0,0,True
0.7999685873189553,1.0499678403225694,0.8569919835167215,3,89.03845664677726,0,-89.03845664677726,0.01475,0.011034003695002534,0.15488951955969663,0.2189101208693444,26.2159065672975,39.0,0,True
0.7999810621859486,1.0499955342704426,0.8568870518091717,3,89.04178781516957,0,-89.04178781516957,0.01475,0.011033980545867465,0.1548469586902072,0.21888611499371013,26.218430463591734,39.0,0,True
0.7999719087099681,1.0499914761803217,0.8560147899263111,3,89.04111441038383,0,-89.04111441038383,0.01475,0.011033711663468154,0.15457572877689563,0.21868834248280625,26.239192946288345,39.0,0,True
fitness at iteration,28,,,,,-89.03615837578609
0.799968406674399,1.0499963769495466,0.8591320005232953,3,89.03759508246584,0,-89.03759508246584,0.01475,0.011034703410798702,0.1555600708484815,0.21939241744547158,26.165336259670095,39.0,0,True
0.799985549933476,1.0499796871245193,0.8569434921777683,3,89.03899954147342,0,-89.03899954147342,0.01475,0.011033916713731728,0.1548688994533304,0.21890180180023422,26.216780461805424,39.0,0,True
0.7999648992499464,1.0499752571016028,0.8579406011354248,3,89.03760376094958,0,-89.03760376094958,0.01475,0.011034323875474353,0.15518848264356339,0.2191235802636461,26.193489704554384,39.0,0,True
0.7999583436410924,1.0498949858215285,0.8576709148936943,3,89.0389073528364,0,-89.0389073528364,0.01475,0.011034291425621177,0.15511515030265124,0.21906050502970237,26.200108252115687,39.0,0,True
0.7999728242244931,1.0499392077270902,0.8544700444319265,3,89.04117433345726,0,-89.04117433345726,0.01475,0.01103316858208935,0.15409802171750508,0.21833560396236507,26.275858496186572,39.0,0,True
fitness at iteration,29,,,,,-89.03615837578609
Best Solution
0.7999903962294005,1.0499882747707547,0.8555946649555993,3,,,-89.03615837578609
