D = propeller diameter [m],AEdAO = expanded area ratio,PdD = pitch ratio,Z = propeller's number of blades,P_B = power brake,n = Propeller angular speed [rpm],fitness,t075dD,tmin075dD,tal07R,cavLim,Vtip,Vtipmax,penalty,valid
0.8,0.9166358392082612,0.5732320141930113,3,154.00097197126436,0,-167.3078543109596,0.01475,0.011763453401982673,0.08984971516617528,0.11319249275701682,42.36990347921279,39.0,0.0864077815182766,False
0.8,1.05,0.5,3,182.5113618966882,0,-228.428851910913,0.01475,0.011962556468875708,0.058206150986261765,0.08554054846985089,48.81189385660523,39.0,0.2515870219642367,False
0.8,0.8604430967248518,0.5258847263318122,3,156.49570724971244,0,-181.1316703557618,0.01475,0.011702055579770084,0.08346762582546814,0.1008054861020542,45.1394818939207,39.0,0.1574226126646334,False
0.8,0.8789025846191814,0.5,3,162.94692859391907,0,-197.11302054219865,0.01475,0.011730522103023281,0.07439864412888209,0.0924687231409158,47.17737159872205,39.0,0.20967619483902686,False
0.5,1.05,0.7316168991639724,3,217.51580331408027,0,-498.30344721124055,0.01475,0.015148794973267632,0.14333893161664193,0.07407240458021012,51.84814024880962,39.0,1.2908838788679606,False
0.6278796232915707,1.05,0.5,3,211.92593810746186,0,-367.19638901118725,0.01475,0.013359012688492804,0.06543856283268011,0.053786532479540614,59.12513190610179,39.0,0.7326637422975188,False
0.8,1.05,0.5935445697118017,3,159.05104376273417,0,-170.28704444987255,0.01475,0.011866754542932739,0.08114326277570731,0.11615228501995853,41.755115693878075,39.0,0.07064399215071987,False
0.8,1.05,0.5035967848181369,3,181.09355105735133,0,-225.12226264768572,0.01475,0.011954114693804438,0.0590459338376029,0.08687692381287968,48.48194865028208,39.0,0.24312688846877123,False
0.7875542970017222,0.9605329822232325,0.5,3,173.15399989480682,0,-215.21256016803721,0.01475,0.011920488427933503,0.06663367316524078,0.08691576303362747,48.472976954921506,39.0,0.24289684499798733,False
0.719034970190294,1.05,0.5701060913466466,3,174.99268989649946,0,-211.103022146648,0.01475,0.012484546191777508,0.07934448406754961,0.09306391798646642,47.047781644986095,39.0,0.206353375512464,False
fitness at iteration,0,,,,,-167.3078543109596
0.8,0.9086548688480193,0.5,3,165.91523595125804,0,-201.75935872326647,0.01475,0.011767662293267468,0.07121765499952154,0.09136987113252114,47.42551185907366,39.0,0.2160387656172733,False
0.7899817678483081,0.9899702245952544,0.5,3,176.25072796573696,0,-219.84571291783377,0.01475,0.011944056872629694,0.06378935591138327,0.0862071953456256,48.64651001874043,39.0,0.24734641073693409,False
0.7336606556902604,0.9348391984273233,0.5,3,178.30100838043353,0,-233.0895387758237,0.01475,0.012282533874522852,0.07166959384370646,0.07713726796976793,50.98396298949199,39.0,0.3072811022946665,False
0.74856273548715,0.91029823902475,0.5,3,173.3877214050787,0,-222.1091501353473,0.01475,0.012137350784202755,0.07352398393476152,0.08104084547366994,49.95888281524425,39.0,0.28099699526267313,False
0.8,0.9920002201722908,0.5,3,175.19125242886736,0,-216.52095666938084,0.01475,0.01187915282382801,0.06316956819559719,0.08804511953258522,48.20056477154581,39.0,0.23591191721912325,False
0.8,1.045350046819618,0.5,3,181.878876413458,0,-227.39104558027267,0.01475,0.0119554997000751,0.05859075372533724,0.08575206035104864,48.75910250001102,39.0,0.25023339743617995,False
0.8,0.8702865156577454,0.5449699817246604,3,154.48824385039902,0,-173.9562554122058,0.01475,0.011714370884910045,0.08755100917234285,0.10606345264292234,43.91462930762355,39.0,0.1260161360929115,False
0.8,1.0410054886746967,0.5,3,181.30811195568046,0,-226.45586430085504,0.01475,0.01194910916098776,0.05894958475162344,0.08594361935889178,48.71143719091959,39.0,0.24901121002357923,False
0.8,0.8762397119710816,0.5,3,162.69381936754272,0,-196.7186169183648,0.01475,0.011727319912989516,0.0746911362131591,0.09256316984040731,47.15622320282679,39.0,0.20913392827760993,False
0.8,0.8511439188569335,0.5,3,160.3169177463652,0,-193.02740435317654,0.01475,0.011696992438495597,0.07754041478697482,0.09345988821664801,46.95741956369147,39.0,0.20403639906901197,False
fitness at iteration,1,,,,,-167.3078543109596
0.8,0.7636062729483164,0.5198845909463163,3,150.34774485254482,0,-173.41231814005656,0.01475,0.011605812320001905,0.09456520010105524,0.10145562871041423,44.982918859841696,39.0,0.15340817589337682,False
0.8,0.7906586832176311,0.5,3,155.07636867141525,0,-184.97445461399857,0.01475,0.011628356177685534,0.08503946072251004,0.09534792361157,46.51903956579865,39.0,0.19279588630252947,False
0.8,0.8004029383309296,0.5,3,155.8702710017948,0,-186.18671948574817,0.01475,0.011638917080894151,0.08376697210158862,0.09509674964802095,46.58542012710408,39.0,0.19449795197702768,False
0.8,0.9590750079113216,0.5,3,171.33960826114492,0,-210.34706974879032,0.01475,0.0118336761875784,0.06621225786383908,0.08940599232793095,47.87880516044787,39.0,0.22766167078071456,False
0.8,0.9338241559397792,0.5,3,168.57096985696157,0,-205.94826850596385,0.01475,0.011800275148325483,0.06865918447133272,0.09040125908718656,47.647483303608034,39.0,0.22173034111815473,False
0.8,0.6741523665546504,0.5,3,146.63190538611533,0,-179.30593362786834,0.01475,0.011512325399586621,0.10281002763322422,0.09808640431568398,45.81222748684375,39.0,0.22283027800610536,False
0.8,0.8901051749480651,0.5,3,164.04568923801412,0,-198.82856707639266,0.01475,0.01174435589827235,0.07317937774678951,0.09205992732048501,47.26923427246277,39.0,0.21203164801186583,False
0.8,0.8392841943199103,0.5,3,159.23328758902525,0,-191.35253488603013,0.01475,0.011683003397119548,0.07893808278856469,0.09387365465964577,46.86676368710185,39.0,0.201711889412868,False
0.8,0.8323609588477503,0.6133176837607737,3,146.92306180369033,0,-150.2389301262773,0.01475,0.011734307706077772,0.1126452829100609,0.12597737783314022,39.880180844268544,39.0,0.022568739596629337,False
0.8,0.7189423023366005,0.5,3,149.64013790311913,0,-176.74457976617816,0.01475,0.011554459176009939,0.09536270447592805,0.09709706980853074,46.064102235348635,39.0,0.1811308265474009,False
fitness at iteration,2,,,,,-150.2389301262773
0.8,0.7110698312660835,0.5826687626357816,3,143.1323749129333,0,-155.58444986146964,0.01475,0.011619841181734435,0.12302969279124287,0.11921633918312859,41.14539301360161,39.0,0.08699691426283443,False
0.8,0.7872442018484374,0.5198638912315383,3,151.96012632896685,0,-175.7815153397303,0.01475,0.011628144384555023,0.09119918198501763,0.10091220932411422,45.11367069680226,39.0,0.15676078709749383,False
0.8,0.8121925583655397,0.5,3,156.85856261025086,0,-187.6997215767554,0.01475,0.011651980236212195,0.08226129224931635,0.0947854288962963,46.66808760502484,39.0,0.19661763089807274,False
0.8,0.8567239951801008,0.5,3,160.84596343753816,0,-193.84706967041535,0.01475,0.011703782272761698,0.07689145765691083,0.09325865857194457,47.00171241836611,39.0,0.20517211329143875,False
0.8,0.6726492992850472,0.5370805404059653,3,143.5460870885996,0,-169.8142684906357,0.01475,0.01154146032464958,0.1151243705236881,0.10787253644726148,43.514983372847546,39.0,0.18299475753611333,False
0.8,0.7958525871898902,0.5246288566082999,3,151.96460309478124,0,-174.73756905598606,0.01475,0.011638111295927147,0.09139452847667498,0.1020363548308253,44.84442465152918,39.0,0.1498570423469021,False
0.8,0.8136222125375419,0.5,3,156.99522103051,0,-187.90956225370496,0.01475,0.01165377455369808,0.08207661585492614,0.09473588155863256,46.67959240918741,39.0,0.1969126258766002,False
0.8,0.7221529325334459,0.5,3,149.8554229969124,0,-177.06778106170742,0.01475,0.011557445620437654,0.09486547634633159,0.0970271989688447,46.0820390967691,39.0,0.1815907460710026,False
0.8,0.9859205184125672,0.5802778703660613,3,157.21071463989745,0,-170.36797542461093,0.01475,0.01181942780432981,0.08409554045207515,0.11369453814970894,42.26398344908739,39.0,0.0836918833099331,False
0.8,0.5837685393022304,0.5,3,141.48288958098607,0,-194.62624877637361,0.01475,0.01143797860550426,0.12097048907447061,0.09981224070364257,45.38181829369668,39.0,0.3756168633025254,False
fitness at iteration,3,,,,,-150.2389301262773
0.8,0.641270008806269,0.6208801946012381,3,139.88490692406347,0,-164.05742557502083,0.01475,0.011624573708586959,0.15128079726421,0.1296587278851567,39.235619280684446,39.0,0.17280290763662895,False
0.8,0.540424624176448,0.583165344034055,3,136.74729716531485,0,-192.46127895607466,0.01475,0.011508055139559836,0.1642580968657281,0.12076868848029419,40.84539856089409,39.0,0.40742291032931166,False
0.8,0.44606184687732175,0.5,3,135.73746264646323,0,-236.14814103566232,0.01475,0.011351417069849696,0.16167255690369425,0.10178598433674259,44.90397900033608,39.0,0.7397418253700898,False
0.8,0.6073564149519797,0.5674759052483734,3,139.37731855550015,0,-176.93863506397014,0.01475,0.011530204923993453,0.13978881616589478,0.11645130768392098,41.69443313704979,39.0,0.26949375190851477,False
0.8,0.5975385707401292,0.5,3,142.18801068854373,0,-191.8102730444746,0.01475,0.011448336370706238,0.11787978257671379,0.09957356474288742,45.440628425394856,39.0,0.34899048179685244,False
0.8,0.6474076209111178,0.5,3,144.99314223685062,0,-183.13493543993204,0.01475,0.011488970554211933,0.1076948255149263,0.0986306327430084,45.67519747409827,39.0,0.2630592910440941,False
0.8,0.41872272212297995,0.5646302760306615,3,133.21665343036886,0,-240.81234351162206,0.01475,0.011410895863924892,0.20341785369473736,0.11685973709977779,41.61196788163621,39.0,0.8076744709511298,False
0.8,0.6749282404277768,0.6310212689697414,3,140.93314350243807,0,-157.17133249448392,0.01475,0.011659388393633285,0.14717054901954485,0.13196559305770372,38.81895498966351,39.0,0.11521909317069151,False
0.8,0.5819784280204687,0.5315776678301449,3,139.56535090336877,0,-188.12422887193733,0.01475,0.01146899372947935,0.1327984266337619,0.1078083078027452,43.52898819508252,39.0,0.3479293223873984,False
0.8,0.4373811824618298,0.5,3,135.475821968564,0,-239.9033462511716,0.01475,0.011347352854261503,0.1650362723799858,0.10187536561761001,44.88269144036622,39.0,0.7708203778740618,False
fitness at iteration,4,,,,,-150.2389301262773
0.8,0.5554118903297378,0.6205790838465499,3,137.17587499533593,0,-185.5505567957648,0.01475,0.011569601728130263,0.17485376381763298,0.1297915623145352,39.2128683417377,39.0,0.3526471531679577,False
0.8,0.6961672232282134,0.5217831438265561,3,145.91781009837746,0,-170.12989366782293,0.01475,0.011546519993833201,0.10589460908473307,0.10338864320461229,44.52596027103768,39.0,0.16592959799164836,False
0.8,0.528634832612976,0.5,3,138.88663513767452,0,-207.95754768255821,0.01475,0.011399365129511422,0.1348592298564675,0.10069882172239135,45.16532264302518,39.0,0.4973186403170873,False
0.8,0.5167816071480038,0.731903677433876,3,138.53464060076388,0,-216.98910337066502,0.01475,0.011693748560619006,0.2379576951255733,0.15192183966996411,35.288512178716964,39.0,0.5663165720117264,False
0.8,0.6873401563356004,0.565084338143595,3,142.80133540598536,0,-162.14891430512458,0.01475,0.011582726617867599,0.12164881766969447,0.11493334946587494,42.00521288624158,39.0,0.1354859801845263,False
0.8,0.5092463335834012,0.5356750735044727,3,136.54748957931352,0,-207.09803609050152,0.01475,0.011426803662172276,0.1547367804539726,0.10967495685500367,43.12647443370075,39.0,0.5166740650344126,False
0.8,0.6313909372867358,0.5592893616641521,3,140.59909159578038,0,-173.05888754342783,0.01475,0.0115363674132876,0.13123285506656,0.11415151002124838,42.16798027984161,39.0,0.23086775013432326,False
0.8,0.35672824697255084,0.548536322258784,3,131.90137406239856,0,-278.7215006520737,0.01475,0.011360926556146284,0.22997575624369862,0.11340792423147322,42.32444424171883,39.0,1.1131053609814479,False
0.8,0.693136751410557,0.5553088975513366,3,143.52512172618356,0,-162.94381584678393,0.01475,0.011576000703690654,0.11729841889602081,0.11233298530950037,42.552721166929544,39.0,0.13529822435996433,False
0.8,0.6951077038262875,0.5,3,147.98700735464624,0,-176.66698842509257,0.01475,0.011531426892073952,0.09922337770931755,0.0976394590878099,45.92556358200905,39.0,0.19380066928251116,False
fitness at iteration,5,,,,,-150.2389301262773
0.8,0.6202779902028163,0.7785107824802037,3,142.59789663271957,0,-193.76279551600166,0.01475,0.01182057282963766,0.2197662112351068,0.161734864474951,33.693565366836886,39.0,0.3588054248448301,False
0.8,0.9193259363690065,0.5,3,167.02581830346622,0,-203.50744494741804,0.01475,0.011781369982109196,0.0701184686788663,0.09096314625214987,47.51834437074328,39.0,0.21841908642931485,False
0.8,0.5946071224619477,0.7441838557196769,3,140.84139859498333,0,-194.14000960283258,0.01475,0.01176312148634229,0.2137538679118301,0.15507052757120207,34.75735134339665,39.0,0.3784300038167022,False
0.8,0.6931595231777186,0.6922944701272351,3,141.8374946634146,0,-161.46344627790847,0.01475,0.011753619381155565,0.16537336533050878,0.14527216136688043,36.38288729701138,39.0,0.13836927718631084,False
0.8,0.629006200077881,0.6697559332655679,3,139.84017528793896,0,-172.43557723944843,0.01475,0.011685457980254773,0.17299213498178423,0.1402915272275565,37.248907945188506,39.0,0.2330903968362002,False
0.8,0.45530874730202187,0.5,3,136.0468083957374,0,-232.3711504745722,0.01475,0.011356184779606789,0.15821053268088453,0.1016787807075085,44.92955074236363,39.0,0.7080235340666237,False
0.8,0.5177996216004035,0.5941545652992071,3,135.97193303490496,0,-198.71065646005877,0.01475,0.011508898748324505,0.17622276679567678,0.12347749341739403,40.33552714906905,39.0,0.46140936607151367,False
0.8,0.58889764281827,0.7365040541951363,3,140.46820890584775,0,-194.2697957901126,0.01475,0.011749902100516619,0.21240741188453988,0.15358274601772412,35.005379473592726,39.0,0.3830161095050816,False
0.8,0.7097673664307502,0.59436226221331,3,142.72322507040772,0,-154.1287306821063,0.01475,0.011633387798880205,0.1271842908529138,0.12229280019165627,40.55669522116841,39.0,0.07991345211034875,False
0.8,0.5852063452075429,0.5486668907923835,3,139.03545165230796,0,-184.5113520662714,0.01475,0.011491458805590379,0.1383127623061543,0.1120472718328437,42.6140114886356,39.0,0.3270813297869311,False
fitness at iteration,6,,,,,-150.2389301262773
0.8,0.5986551160643767,0.8010899037605943,3,143.0670556247469,0,-204.74662679698483,0.01475,0.011832302124433178,0.23687877618381042,0.16551944996004325,33.12186864129346,39.0,0.4311235099016669,False
0.8,0.7730269991802504,0.70232014799308,3,143.80197330257042,0,-147.94422159905153,0.01475,0.011807370068209488,0.15187970004605816,0.14762726340482957,35.99009705933317,39.0,0.028805225695794343,False
0.8,0.515400513889325,0.8554399154712757,3,143.8081514409281,0,-247.80064929145763,0.01475,0.011823949388781119,0.29797452002720315,0.1729259589276108,32.0358506155957,39.0,0.7231335415172652,False
0.8,0.6484118162538386,0.6687752239795457,3,140.35697710818005,0,-167.78358423894272,0.01475,0.011695851734429493,0.16750012553465218,0.1401198537504351,37.27970913698445,39.0,0.19540608308786558,False
0.8,0.7076793685195257,0.6502758535302318,3,141.9172322030109,0,-153.23146350863837,0.01475,0.011705271043637229,0.14691822024471923,0.1360701431670885,38.02383602726533,39.0,0.07972415421294705,False
0.8,0.7339600891428064,0.5384595117161592,3,146.7134042812372,0,-164.2872180872776,0.01475,0.011591572116536535,0.10479472408750455,0.10715796866881987,43.671548191477875,39.0,0.11978328696097115,False
0.8,0.7195831990904101,0.5,3,149.66842037243325,0,-176.78658656044678,0.01475,0.011554859533145926,0.09526857876293589,0.09708833451749255,46.06634357936555,39.0,0.181188296906809,False
0.8,0.797630757820317,0.877490059850371,3,148.19506470135713,0,-171.55452508955,0.01475,0.011993640093102258,0.21041829017068275,0.18176700445479962,30.70989955051955,39.0,0.15762643941798526,False
0.8,0.7849923305596588,0.7732528971945056,3,145.10332367183784,0,-155.90505881215415,0.01475,0.011895486640592243,0.17456130812622428,0.1624669923260007,33.58122559652205,39.0,0.07444167967334273,False
0.8,0.6591942110761242,0.8458497741733626,3,145.93852463963572,0,-197.18395261529494,0.01475,0.01191284801552928,0.23555129562941104,0.17433471692383795,31.81622788731032,39.0,0.35114393613474554,False
fitness at iteration,7,,,,,-147.94422159905153
0.8,0.48403871788387864,0.7818259194194169,3,139.59628582382035,0,-242.136118830788,0.01475,0.011725706797967559,0.2776342995613226,0.16006169266776304,33.953360107687466,39.0,0.7345455676118752,False
0.8,0.6875335263312657,0.6852338184017551,3,141.60081751293995,0,-161.64983287167004,0.01475,0.011741051799971031,0.1640794087287659,0.14372905929001367,36.646235465176616,39.0,0.14158827407121397,False
0.8,0.6829326408241011,0.6340931648293238,3,141.19421472209135,0,-155.98303334700768,0.01475,0.011668713461198866,0.1464895558195672,0.13260081789099623,38.693619962518376,39.0,0.10474096728413955,False
0.8,0.7838174404962482,0.7593198528855291,3,144.79558963458015,0,-154.01715598104914,0.01475,0.011879687949403153,0.16979973138226573,0.15963320494188113,34.02046402108445,39.0,0.06368679025197799,False
0.8,0.7005223625788531,0.5548815929768053,3,143.88872170888942,0,-161.89285586080794,0.01475,0.011580874948617011,0.1158019576969944,0.11211866320909915,42.59867236189051,39.0,0.1251254020335509,False
0.8,0.5954667540191723,0.625421823801545,3,138.44332908353036,0,-174.4208207270793,0.01475,0.011602207270374686,0.16489538501438886,0.1309331523785756,39.01893724212451,39.0,0.2598716159291558,False
0.8,0.9085854527584512,0.7731844932762403,3,146.41362909667353,0,-146.41362909667353,0.01475,0.011932526408146769,0.1517199129984081,0.1631388145357206,33.47910086080636,39.0,0,True
0.8,0.6767131338322981,0.7226822941602975,3,142.04549504913857,0,-169.38593136853711,0.01475,0.011784600228908405,0.18088152550002642,0.15168559529889683,35.329334026524315,39.0,0.19247661680464084,False
0.8,0.5953563227376523,0.6903660450157219,3,139.33940692730187,0,-184.24181306891023,0.01475,0.011693004995791003,0.19100531296514944,0.14445454365222302,36.521833632019224,39.0,0.3222520256960436,False
0.8,0.7800283897749509,0.5990268942814438,3,145.3975853829101,0,-150.89735660497456,0.01475,0.011685353592165947,0.11632290913063593,0.12272726436291384,40.47520384947001,39.0,0.037825739730000335,False
fitness at iteration,8,,,,,-146.41362909667353
0.8,0.5341354321472271,0.75902482146225,3,139.95322561572416,0,-216.76796314727542,0.01475,0.01173948905970041,0.2431264327191254,0.15697120551143406,34.44626135138337,39.0,0.5488600723106228,False
0.8,0.7274255266456264,0.5882256954935803,3,143.62003168447106,0,-152.25881798085848,0.01475,0.011637634687128065,0.12186056075370921,0.12048345900396973,40.90009906873016,39.0,0.06015028819494044,False
0.8,0.7229339948757664,0.6966908851461338,3,142.6130857760761,0,-156.19593068426977,0.01475,0.01177542213071237,0.16023358706541568,0.14629962634916335,36.21033784299032,39.0,0.09524262681981904,False
0.8,0.7468243918407171,0.5830919816243063,3,144.66809223792293,0,-152.87876771190227,0.01475,0.011645328250916602,0.1167693025886494,0.11886764585371329,41.213455216915165,39.0,0.05675526197218371,False
0.8,0.7256041416946308,0.7305182570069086,3,143.2278804954579,0,-160.48099945635622,0.01475,0.011819920195906192,0.1719885294318252,0.15349824978345955,35.0196224613571,39.0,0.12045922135561761,False
0.8,0.823307481254476,0.7289494970387639,3,145.00483041666044,0,-145.00483041666044,0.01475,0.011860845714205183,0.1515509781821558,0.15352129100518164,35.01573686081771,39.0,0,True
0.8,0.827732958584011,0.7506872237485867,3,145.29678679881627,0,-145.37816403195558,0.01475,0.011886687257813947,0.15816255500755375,0.15807402155276387,34.267970654508716,39.0,0.000560075931011361,False
0.8,0.7860050659073757,0.7066053625253104,3,144.1260806423479,0,-146.30732662357357,0.01475,0.011818843197007165,0.15084801971395667,0.14859907808970377,35.830734331560144,39.0,0.01513429055660292,False
0.8,0.6921368904142449,0.741394376701911,3,142.81395518094791,0,-169.18073796121504,0.01475,0.011816379651017592,0.18414031989305413,0.1554420893839632,34.69621040212481,39.0,0.1846232936190299,False
0.8,0.7614337107914704,0.8729575527375936,3,147.92285980158653,0,-178.30273054954444,0.01475,0.011979651078492274,0.2174895821798297,0.18043291246262286,30.901347778672722,39.0,0.20537644275338748,False
fitness at iteration,9,,,,,-145.00483041666044
0.8,0.7931305508217403,0.8182943573728646,3,146.3290296342378,0,-161.40575430087753,0.01475,0.0119438360597494,0.1892443419277037,0.17156724701667114,32.25193300094383,39.0,0.10303303933830028,False
0.8,0.9708015817001855,0.741715709548947,3,147.12130296394955,0,-147.12130296394955,0.01475,0.011918318249354444,0.13235785283904214,0.15631055981550232,34.55438130014874,39.0,0,True
0.8,0.8079347934715482,0.6902592486132711,3,144.55898482459162,0,-144.55898482459162,0.01475,0.011808935996956389,0.1412814522178053,0.1448671137999414,36.451526325138886,39.0,0,True
0.8,0.9348419247504789,0.6756480907682181,3,147.91692545548773,0,-147.91692545548773,0.01475,0.011848513287527077,0.11712228867983895,0.14079096002418515,37.159725772935616,39.0,0,True
0.8,0.7846388802104896,0.7607352488535558,3,144.83000627672652,0,-154.07676141426762,0.01475,0.01188151390634566,0.17013993608920155,0.1599291663813431,33.974073034153584,39.0,0.06384557575640316,False
0.8,0.8462069761429679,0.7772817006397799,3,145.88373878112264,0,-146.06072210090215,0.01475,0.01192027962038355,0.16390517435502022,0.16370656872395703,33.39289973344881,39.0,0.0012131805865290737,False
0.8,0.729788416646198,0.8809587247743325,3,148.07259677598847,0,-187.14723287771673,0.01475,0.011974404646410388,0.22903461943983003,0.18121427888926042,30.78879652822668,39.0,0.2638883693033511,False
0.8,0.8081436613839382,0.7804279303559103,3,145.53739389275853,0,-152.86726608663977,0.01475,0.011911418998578428,0.17236067587197013,0.16409610911588976,33.3341135568882,39.0,0.050364184748851494,False
0.8,0.6750413934079794,0.8389552381097989,3,145.84614675659077,0,-191.46841859218839,0.01475,0.0119145606611965,0.22776107207019086,0.1734911427525769,31.947207465587894,39.0,0.3128109507873299,False
0.8,0.628454628855103,0.9070190067442765,3,148.38257424286928,0,-220.87269843445227,0.01475,0.011944501764135121,0.272719100911708,0.18321305677573033,30.505074534184782,39.0,0.4885352917043533,False
fitness at iteration,10,,,,,-144.55898482459162
0.8,0.8438214934002427,0.8228233170988615,3,146.75288700595456,0,-153.10030322338287,0.01475,0.01196205315218826,0.18033362142125348,0.17285713359557803,32.04669441975088,39.0,0.04325241122630018,False
0.8,1.008916540478045,0.8094731741321814,3,146.88540989896788,0,-146.88540989896788,0.01475,0.011973927385391223,0.14821951726235427,0.17141476858467583,32.27502192823028,39.0,0,True
0.8,0.8847198478563439,0.6541045178203586,3,147.20605183396296,0,-147.20605183396296,0.01475,0.011805155014460366,0.11751896297921983,0.13597277071765765,38.04217033965042,39.0,0,True
0.8,0.9083539044699698,1.00667064978012,3,151.59675684203555,0,-173.38159242440236,0.01475,0.012052440901274246,0.23462659223149288,0.205146520768643,27.668346871320523,39.0,0.1437025173636576,False
0.8,0.5956154681529319,0.7795665804582216,3,142.1486655655958,0,-201.11211909536652,0.01475,0.011806386384932692,0.22859173584470854,0.16157161664752767,33.7187653409342,39.0,0.41480131589811875,False
0.8,0.7078349552107018,0.5674942640500039,3,143.61443813550852,0,-158.54518976291234,0.01475,0.011600132671680377,0.11860126476576985,0.1152847699527546,41.93265538324904,39.0,0.10396414052266664,False
0.8,0.7205325395219615,0.8125097685921496,3,145.42029688507222,0,-175.32800571020096,0.01475,0.011910413814273605,0.20437970003907255,0.16951631050939805,32.54126257107015,39.0,0.20566392357708643,False
0.8,0.9792688571640079,0.7081952211063627,3,147.90975890818083,0,-147.90975890818083,0.01475,0.011892339217024412,0.12102670275548437,0.14850753765181685,35.84565702115758,39.0,0,True
0.8,0.7976639440430068,0.7626476344020676,3,145.05925597968363,0,-152.07446747572382,0.01475,0.011888756609583395,0.16815421614364062,0.1603972441168485,33.90108114880781,39.0,0.048361005636363766,False
0.8,0.9472254176029666,0.7858170274560201,3,146.737273728607,0,-146.737273728607,0.01475,0.011950870410894005,0.14974577778766351,0.1659984029780769,33.051335075675695,39.0,0,True
fitness at iteration,11,,,,,-144.55898482459162
0.8,1.05,0.652562224572424,3,152.49247319770095,0,-152.49247319770095,0.01475,0.011879435281742035,0.09681818561733695,0.13373748448639997,38.4703573036527,39.0,0,True
0.8,0.8698634879333971,0.6514201377783585,3,146.82945359101365,0,-146.82945359101365,0.01475,0.011794923429212524,0.118840178863319,0.1354542037390625,38.14025271896559,39.0,0,True
0.8,0.8545302578132942,0.8450668046584457,3,147.32385147997803,0,-155.01907995012002,0.01475,0.01198259641324765,0.18615598687749924,0.17691510600936322,31.423395839324094,39.0,0.05223341904815602,False
0.8,0.9808440683556123,0.7376124906909866,3,147.3059322558297,0,-147.3059322558297,0.01475,0.011917158617514308,0.12972042617906687,0.15536462999359643,34.708930353146606,39.0,0,True
0.8,0.5918352186357461,0.7942119218098289,3,142.6452219665066,0,-205.36001667256787,0.01475,0.011820285616770685,0.2363429528892937,0.16416629449765885,33.323554019314294,39.0,0.4396557686368692,False
0.8,0.7683338721476036,0.7670392216622777,3,144.7380129200178,0,-158.01573342011062,0.01475,0.011882139896784856,0.17586813235115384,0.16109031336003077,33.79338568113766,39.0,0.09173623592186579,False
0.8,0.8655010124126981,0.8022112790962851,3,146.45606628221586,0,-146.45606628221586,0.01475,0.011949130519656887,0.16895953807235486,0.16901219756335867,32.61300355641465,39.0,0,True
0.8,0.850477866363496,0.6606053418530938,3,146.0077120378074,0,-146.0077120378074,0.01475,0.011795033821719174,0.12461533840845546,0.13778137162289741,37.70582234429367,39.0,0,True
0.8,1.05,0.7814213454927349,3,147.10104118331796,0,-147.10104118331796,0.01475,0.011957276271722446,0.13399209325064257,0.16519806636166243,33.169445862128505,39.0,0,True
0.8,0.8617461355134297,0.7881709684829903,3,146.20087819004806,0,-146.20087819004806,0.01475,0.011935280882089469,0.16480139694369086,0.16606914884818985,33.04095390670517,39.0,0,True
fitness at iteration,12,,,,,-144.55898482459162
0.8,1.05,0.7551625539996564,3,147.60413320431357,0,-147.60413320431357,0.01475,0.011940788954999577,0.12610034355681546,0.1591822039222103,34.091516086664555,39.0,0,True
0.8,0.7744459847737875,0.6481561011041865,3,143.94196773754683,0,-143.94196773754683,0.01475,0.011740342497268335,0.13321443888998533,0.1353328480286034,38.16331398109012,39.0,0,True
0.8,1.0383427026573677,0.620105713889154,3,155.08134329602666,0,-159.6370632746186,0.01475,0.011861891872460355,0.0892721198500859,0.12450960689760918,40.14567668417687,39.0,0.02937632523530435,False
0.8,0.9763346535886586,0.9580518747643918,3,149.0529208929525,0,-152.82276779514925,0.01475,0.012040074682623622,0.20337590096166452,0.19835900445283072,28.495274439213805,39.0,0.025292002864567748,False
0.8,0.8542805998907141,1.0571253052660903,3,154.34477127328424,0,-194.6652039643132,0.01475,0.012050940640949264,0.26700646452438287,0.2117021987301805,26.91328367851542,39.0,0.2612361426849844,False
0.8,0.862383463852092,0.8779244924428218,3,148.19391593684583,0,-159.26163519967864,0.01475,0.01200724273208204,0.196428340639282,0.18277776040548033,30.567122759918686,39.0,0.07468403269368637,False
0.8,1.05,0.8717340554811335,3,146.73934032032483,0,-146.73934032032483,0.01475,0.01200424302362295,0.16226163691912757,0.18358681691675452,30.45209048706841,39.0,0,True
0.8,1.047456768959763,0.7262456586216232,3,148.3860421104798,0,-148.3860421104798,0.01475,0.011921341925809981,0.11790439408926813,0.1525173981523424,35.186215231827944,39.0,0,True
0.8,1.05,0.6587020682727556,3,152.0176074133935,0,-152.0176074133935,0.01475,0.011882319465244666,0.09849797374169289,0.13531667253092758,38.166390923280005,39.0,0,True
0.8,0.9377538034811976,0.771453127805799,3,146.64274183985736,0,-146.64274183985736,0.01475,0.01193710067697884,0.14655726929228435,0.16284954022527254,33.52296201553518,39.0,0,True
fitness at iteration,13,,,,,-143.94196773754683
0.8,1.0474838004198934,0.8279086679271908,3,146.72377286398952,0,-146.72377286398952,0.01475,0.011984279123214443,0.14866304574901007,0.17513283378590966,31.693743078558168,39.0,0,True
0.8,0.9924099778546333,0.7583886201959615,3,147.12295095546958,0,-147.12295095546958,0.01475,0.011935718825559242,0.1345429710812271,0.16001491003934545,33.96066766779388,39.0,0,True
0.8,1.05,0.6913636479980674,3,149.943851254488,0,-149.943851254488,0.01475,0.01190011175427448,0.10759593983956568,0.14372081227060052,36.647653992522955,39.0,0,True
0.8,1.05,0.8063052964669348,3,146.8351494174471,0,-146.8351494174471,0.01475,0.011972341138573275,0.14159843561136254,0.170828669903315,32.356647069128826,39.0,0,True
0.8,1.0255818925694813,0.5812740001773906,3,159.46918643187638,0,-173.38047232562172,0.01475,0.011850055591126679,0.08034233555330043,0.11304002966676657,42.40216290052897,39.0,0.08723494616740951,False
0.8,1.05,0.7589603136936368,3,147.50921297030501,0,-147.50921297030501,0.01475,0.01194309778722992,0.1272361300179557,0.16006169266776304,33.953360107687466,39.0,0,True
0.8,1.05,0.8528834646578444,3,146.6873446572371,0,-146.6873446572371,0.01475,0.011996316126594218,0.15621383254015922,0.179966747081418,30.9690717753092,39.0,0,True
0.8,1.05,0.5,3,182.5113618966882,0,-228.428851910913,0.01475,0.011962556468875708,0.058206150986261765,0.08554054846985089,48.81189385660523,39.0,0.2515870219642367,False
0.8,1.0326041353781856,0.7704883677892836,3,147.22005353516622,0,-147.22005353516622,0.01475,0.01194937093656393,0.13290461753251911,0.16271674914679274,33.54315299354278,39.0,0,True
0.8,0.9776888592494622,0.6620425700976498,3,149.6524282627932,0,-149.6524282627932,0.01475,0.011854823147045723,0.10766554735520319,0.13703816485906514,37.842972789306664,39.0,0,True
fitness at iteration,14,,,,,-143.94196773754683
0.8,1.05,0.9072130722583802,3,146.98299481425397,0,-146.98299481425397,0.01475,0.01201603464920421,0.17384324318102656,0.19026877952039695,29.540874699457724,39.0,0,True
0.8,1.05,0.5553305659380056,3,165.99519759763209,0,-188.58401393111996,0.01475,0.011881660452378099,0.07147802678214156,0.10433340417315784,44.30716460328846,39.0,0.13608114367406315,False
0.8,1.05,0.56322988601065,3,164.3160964598802,0,-184.31298940527165,0.01475,0.011876324187349976,0.07344656348457368,0.10681986990242182,43.7462107588509,39.0,0.1216977117654077,False
0.8,1.05,0.708932081945137,3,149.09616759221123,0,-149.09616759221123,0.01475,0.011910800996055676,0.1126002677090158,0.1482165117997428,35.89322111092299,39.0,0,True
0.8,1.0209679087197163,0.622617713015773,3,154.08584979658758,0,-157.82264377671544,0.01475,0.011853167101172105,0.09174878998265948,0.12561190485544677,39.945803689419726,39.0,0.024251376651787854,False
0.8,1.05,0.721371162739296,3,148.59752005082137,0,-148.59752005082137,0.01475,0.011918706635820965,0.11618616086778139,0.1513734779353509,35.38346949369511,39.0,0,True
0.8,1.05,0.7596662061241262,3,147.49157703833785,0,-147.49157703833785,0.01475,0.01194351785849871,0.1274478775557123,0.16022550612879924,33.92780839429337,39.0,0,True
0.8,1.05,0.5510428062532807,3,166.95170351181966,0,-191.00255142174805,0.01475,0.011884928032597835,0.07042025412245294,0.10299407579628551,44.61828989316543,39.0,0.14405871520937005,False
0.8,1.05,0.8442664336153064,3,146.67616196585496,0,-146.67616196585496,0.01475,0.011992226911790424,0.1534788436177514,0.1783115454631975,31.2130915614858,39.0,0,True
0.8,1.05,0.7574687376413064,3,147.5396156942643,0,-147.5396156942643,0.01475,0.011942101691852587,0.12679274001863194,0.1597188390792748,34.00702202739795,39.0,0,True
fitness at iteration,15,,,,,-143.94196773754683
0.8,1.0038398539206053,0.7394666700244905,3,147.53176422380048,0,-147.53176422380048,0.01475,0.011923136601162485,0.12723949364453804,0.15572892100792474,34.64922753779748,39.0,0,True
0.8,1.05,0.7487313883694648,3,147.75730813932861,0,-147.75730813932861,0.01475,0.01193658048706721,0.12419394448687969,0.15770324694445798,34.3276103423774,39.0,0,True
0.8,1.05,0.653428556576947,3,152.41753205748728,0,-152.41753205748728,0.01475,0.01187974694229031,0.09705687295389781,0.1339623539487772,38.42663743984461,39.0,0,True
0.8,1.05,0.6065745250204321,3,157.25527781272186,0,-165.19515441385738,0.01475,0.011866813252769505,0.08452313394012123,0.12012514037959197,40.96912429109731,39.0,0.05049036643839253,False
0.8,1.05,0.7146124019011482,3,148.85831558729998,0,-148.85831558729998,0.01475,0.011914379658484712,0.11423357905198474,0.14966691802616305,35.65799756102627,39.0,0,True
0.8,1.05,0.6093606583351141,3,156.88785068413776,0,-164.1485752314557,0.01475,0.011866900833773793,0.08525591882105889,0.12098054617755674,40.80490876833734,39.0,0.04627971200864978,False
0.8,1.05,0.6900879993376148,3,149.99823989608493,0,-149.99823989608493,0.01475,0.011899163868762578,0.10724125264585511,0.1433994139709461,36.70306234707656,39.0,0,True
0.8,1.05,0.6732915666454294,3,150.98681902306416,0,-150.98681902306416,0.01475,0.011889604159134187,0.10253474273226414,0.13908450342819065,37.467074013331064,39.0,0,True
0.8,1.05,0.8343383673225735,3,146.69473375113034,0,-146.69473375113034,0.01475,0.011987464946346275,0.1503385161097395,0.17640033967668747,31.50181317771341,39.0,0,True
0.8,1.05,0.7880873007768239,3,147.01903729441148,0,-147.01903729441148,0.01475,0.011961498456811286,0.13601352976732803,0.16670972338418666,32.94666944747798,39.0,0,True
fitness at iteration,16,,,,,-143.94196773754683
0.8,1.05,0.7830748566780811,3,147.07882047652515,0,-147.07882047652515,0.01475,0.011958319803177046,0.13449298275700788,0.16557436337199466,33.113759338348856,39.0,0,True
0.8,1.05,0.5152428720076346,3,176.9323448792793,0,-215.29679255416417,0.01475,0.011930810734479982,0.061777540587036654,0.09123421068351677,47.45641570138787,39.0,0.21683117183045816,False
0.8,1.05,0.7489840224569461,3,147.74217579601537,0,-147.74217579601537,0.01475,0.011936619116389244,0.12427291536126443,0.1577650007159159,34.31765598241149,39.0,0,True
0.8,1.05,0.7925555460930033,3,146.96843191954082,0,-146.96843191954082,0.01475,0.011964251143214265,0.13737526818309265,0.16771730259924011,32.799428139363336,39.0,0,True
0.8,1.05,0.6992298028315708,3,149.54317731923433,0,-149.54317731923433,0.01475,0.011904825597141625,0.10982741018739554,0.14573595599395345,36.30475854140762,39.0,0,True
0.8,1.05,0.8017329145165862,3,146.87537465957158,0,-146.87537465957158,0.01475,0.011969709466383531,0.1401888261002169,0.16979243453011927,32.50216256111483,39.0,0,True
0.7847685242071066,1.05,0.7067540521967534,3,151.32931080480662,0,-151.32931080480662,0.01475,0.012022435431615784,0.1130924111216753,0.1444040924262804,36.53120877799964,39.0,0,True
0.8,1.05,0.6800452528998967,3,150.5733422817811,0,-150.5733422817811,0.01475,0.011893427464869101,0.1044164624938151,0.14081555154511757,37.15535078069359,39.0,0,True
0.8,1.05,0.6762324292692139,3,150.8120786788918,0,-150.8120786788918,0.01475,0.0118913766030802,0.10334915563545394,0.13983403003393566,37.3311578109246,39.0,0,True
0.8,1.05,0.7259732477023513,3,148.44502849547183,0,-148.44502849547183,0.01475,0.01192185769094762,0.11751594361454101,0.15243331058199136,35.200605786838,39.0,0,True
fitness at iteration,17,,,,,-143.94196773754683
0.8,1.05,0.7613795881317599,3,147.46631936768017,0,-147.46631936768017,0.01475,0.011944778984932002,0.1279539557194789,0.16061600304824156,33.867125496074216,39.0,0,True
0.8,1.05,0.7574334049824755,3,147.53956490501804,0,-147.53956490501804,0.01475,0.011942066818067,0.1267826271325906,0.1597110528474773,34.008243587871654,39.0,0,True
0.8,1.05,0.6597178680536608,3,151.92818106488812,0,-151.92818106488812,0.01475,0.011882624441548435,0.09878199426909152,0.13558372661331414,38.11568473943726,39.0,0,True
0.8,1.05,0.7404096574834935,3,147.98821033133473,0,-147.98821033133473,0.01475,0.01193125070950286,0.12173645816125352,0.15578322751416235,34.640353197569716,39.0,0,True
0.8,1.05,0.8692387808096405,3,146.7239342066597,0,-146.7239342066597,0.01475,0.012003180741485988,0.16146008173614823,0.18311625377252125,30.518841249531288,39.0,0,True
0.8,1.05,0.8047765462080778,3,146.83500748585683,0,-146.83500748585683,0.01475,0.011971276240857573,0.1411337772221605,0.17048805448022034,32.40426783183458,39.0,0,True
0.8,1.05,0.8012063645825126,3,146.87838034355298,0,-146.87838034355298,0.01475,0.01196937515384773,0.14002785585513894,0.16967405781446004,32.51890819683707,39.0,0,True
0.8,1.05,0.7852867709939155,3,147.05245981911918,0,-147.05245981911918,0.01475,0.011959740341708316,0.1351628360846127,0.1660770107806931,33.03980084602094,39.0,0,True
0.8,1.05,0.6777294686332834,3,150.7203564415905,0,-150.7203564415905,0.01475,0.011892220389197685,0.10376652111331623,0.14021793642038746,37.26210222146004,39.0,0,True
0.7203939292485435,1.05,0.719294963252195,3,161.049793210975,0,-161.049793210975,0.01475,0.01255403162703479,0.12164133384665125,0.13330642409387003,38.55828053726198,39.0,0,True
fitness at iteration,18,,,,,-143.94196773754683
0.8,1.05,0.7810160953034448,3,147.1106384027059,0,-147.1106384027059,0.01475,0.011957078391995434,0.13386732685958508,0.1651040843526178,33.183396769925146,39.0,0,True
0.8,1.05,0.763730497858877,3,147.40614243836902,0,-147.40614243836902,0.01475,0.01194611334492764,0.1286629015919662,0.16116011817641054,33.78253321115976,39.0,0,True
0.8,1.05,0.713564435594296,3,148.90009119451378,0,-148.90009119451378,0.01475,0.011913703794890313,0.11393206732280528,0.14939950195829144,35.70102542489573,39.0,0,True
0.8,1.05,0.6787626754844183,3,150.64593961079325,0,-150.64593961079325,0.01475,0.011892639631812517,0.10405968126686718,0.14048789007385584,37.21376884724874,39.0,0,True
0.8,1.05,0.9766376475484433,3,147.83197046834064,0,-147.83197046834064,0.01475,0.012024920101377751,0.1972833799282036,0.2027457177727391,27.95675456202147,39.0,0,True
0.8,1.05,0.6810134650828377,3,150.5226667361956,0,-150.5226667361956,0.01475,0.011894073469415957,0.10468468027349757,0.14106161755603802,37.11165745140732,39.0,0,True
0.8,1.05,0.7792085366111324,3,147.14401704507824,0,-147.14401704507824,0.01475,0.011956047524403006,0.13331649885112257,0.16468943862559876,33.245153916803716,39.0,0,True
0.8,1.05,0.7993345831806656,3,146.8832224343003,0,-146.8832224343003,0.01475,0.011968089040993985,0.13945958220252413,0.1692562481562317,32.578214557059844,39.0,0,True
0.8,1.05,0.6394031448905206,3,153.63581742240146,0,-154.20613546671822,0.01475,0.011874199883308517,0.09324410594839413,0.13019050582982702,39.144773556723436,39.0,0.003712142480088104,False
0.8,1.05,0.9059661740271441,3,146.9665386161841,0,-146.9665386161841,0.01475,0.012015620359395308,0.17343521580488036,0.19003939040753162,29.571323502090262,39.0,0,True
fitness at iteration,19,,,,,-143.94196773754683
Best Solution
0.8,0.7744459847737875,0.6481561011041865,3,,,-143.94196773754683
